1760707846956 0.008393285796046257 1
1760708217220 0.003597122384235263 2
1760708585377 0.13788968324661255 3
1760708947801 0.5119904279708862 4
1760709309648 0.5875299572944641 5
1760709669173 0.7314148545265198 6
1760710026335 0.8968824744224548 7
1760710382940 0.9412469863891602 8
1760710737746 0.9496402740478516 9
1760711091190 0.9688249230384827 10
1760711450644 0.9688249230384827 11
1760711804372 0.9988009333610535 12
1760712155909 0.973621129989624 13
1760712507428 0.9952038526535034 14
1760712858811 1.0 15
1760713210457 1.0 16
1760713563811 1.0 17
1760713916654 1.0 18
1760714269705 1.0 19
1760714622622 1.0 20
1760714982338 1.0 21
1760715336336 1.0 22
1760715690500 1.0 23
1760716045378 1.0 24
1760716398920 0.8920863270759583 25
1760716745179 0.18705035746097565 26
1760717090569 0.2781774699687958 27
1760717435009 0.3357314169406891 28
1760717779033 0.45443645119667053 29
1760718122392 0.5215827226638794 30
1760718469686 0.5107913613319397 31
1760718811789 0.555155873298645 32
1760719152385 0.6930455565452576 33
1760719491993 0.7338129281997681 34
1760719832844 0.7122302055358887 35
1760720170700 0.6342925429344177 36
1760720508969 0.8872901797294617 37
1760720848624 0.7901678681373596 38
1760721186476 0.7673860788345337 39
1760721525102 0.7098321318626404 40
