1760707846956 0.7521632313728333 1
1760708217220 0.02433350868523121 2
1760708585377 0.2006918042898178 3
1760708947801 1.2863283157348633 4
1760709309648 0.49669361114501953 5
1760709669173 0.11877515912055969 6
1760710026335 0.09983034431934357 7
1760710382940 0.0023082944098860025 8
1760710737746 0.17667382955551147 9
1760711091190 0.00010276896500727162 10
1760711450644 2.431900065857917e-05 11
1760711804372 9.834776619754848e-07 12
1760712155909 0.005937841720879078 13
1760712507428 5.334644356480567e-06 14
1760712858811 4.571885438053869e-05 15
1760713210457 0.0046358611434698105 16
1760713563811 0.0016823369078338146 17
1760713916654 0.0011490302858874202 18
1760714269705 1.847747398642241e-06 19
1760714622622 0.00025320504209958017 20
1760714982338 0.0001489641290390864 21
1760715336336 0.00035155253135599196 22
1760715690500 -0.0 23
1760716045378 1.400711084897921e-06 24
1760716398920 0.427503764629364 25
1760716745179 0.25203579664230347 26
1760717090569 0.33967718482017517 27
1760717435009 0.1969517469406128 28
1760717779033 0.003070198930799961 29
1760718122392 0.00014780063065700233 30
1760718469686 0.004697056487202644 31
1760718811789 0.038884278386831284 32
1760719152385 0.1093919426202774 33
1760719491993 2.3841863594498136e-07 34
1760719832844 4.294699101592414e-05 35
1760720170700 0.0006641385843977332 36
1760720508969 0.002374200150370598 37
1760720848624 0.01433496829122305 38
1760721186476 -0.0 39
1760721525102 0.0789014920592308 40
