1760707846956 0.46666666865348816 1
1760708217220 0.75 2
1760708585377 0.9745762944221497 3
1760708947801 0.9467849135398865 4
1760709309648 0.9760956168174744 5
1760709669173 0.9682539701461792 6
1760710026335 0.9816272854804993 7
1760710382940 0.9949302673339844 8
1760710737746 0.9937264919281006 9
1760711091190 0.9975308775901794 10
1760711450644 0.9963008761405945 11
1760711804372 1.0 12
1760712155909 0.9866342544555664 13
1760712507428 1.0 14
1760712858811 1.0 15
1760713210457 1.0 16
1760713563811 1.0 17
1760713916654 1.0 18
1760714269705 1.0 19
1760714622622 1.0 20
1760714982338 1.0 21
1760715336336 1.0 22
1760715690500 1.0 23
1760716045378 1.0 24
1760716398920 0.8878281712532043 25
1760716745179 0.6215139627456665 26
1760717090569 0.800000011920929 27
1760717435009 0.9180327653884888 28
1760717779033 0.9619289636611938 29
1760718122392 0.9775280952453613 30
1760718469686 0.9551569223403931 31
1760718811789 0.9645833373069763 32
1760719152385 0.9665551781654358 33
1760719491993 0.9683544039726257 34
1760719832844 0.959612250328064 35
1760720170700 0.951438844203949 36
1760720508969 0.9866666793823242 37
1760720848624 0.9691176414489746 38
1760721186476 0.9861325025558472 39
1760721525102 0.9441786408424377 40
