1760228877566 0.2328549474477768 1
1760236325272 0.13895216584205627 2
1760243749304 0.00012151338160037994 3
1760251150590 6.053182005416602e-05 4
1760258545017 -0.0 5
1760265893238 1.1026871788999415e-06 6
1760273219800 0.009066157042980194 7
1760280590308 4.857797648583073e-06 8
1760287920554 4.112737315153936e-06 9
1760295296071 0.00025457661831751466 10
1760302652276 0.0066503421403467655 11
1760309990748 3.418420601519756e-05 12
1760317298799 0.10707944631576538 13
1760324632199 0.00195125222671777 14
1760331951318 4.082934992766241e-06 15
1760339252119 2.9802322387695312e-08 16
1760346550043 8.94069742685133e-08 17
1760353852574 -0.0 18
1760361166933 0.0006484121549874544 19
1760368466387 0.010917589999735355 20
1760375774217 2.0861629934643133e-07 21
1760383078325 0.040046341717243195 22
1760390365651 0.0038925737608224154 23
1760397680674 0.27886947989463806 24
1760404980166 1.1920930376163597e-07 25
1760412295941 0.06306197494268417 26
1760419607245 -0.0 27
1760426905668 -0.0 28
1760434197979 5.287211388349533e-05 29
1760441487595 -0.0 30
1760448799396 -0.0 31
1760456089100 0.0009057375718839467 32
1760463379965 -0.0 33
1760470685308 2.801426262522e-06 34
1760477995392 0.00017677556024864316 35
1760485304902 4.768373855768004e-07 36
1760492592694 3.2484635994478595e-06 37
1760499916489 2.0265617877157638e-06 38
1760507231584 -0.0 39
1760514541588 -0.0 40
1760521874637 1.010308915283531e-05 41
1760529209918 -0.0 42
1760536517920 -0.0 43
1760543848614 2.413994025118882e-06 44
1760551209065 0.00037702228291891515 45
1760558513655 -0.0 46
1760565788710 5.662444664267241e-07 47
1760573060424 1.49011640360186e-07 48
1760580349634 8.642680882076093e-07 49
1760587628714 -0.0 50
1760594919277 7.212213859020267e-06 51
1760602193975 2.276949271617923e-05 52
1760609494920 0.00017025985289365053 53
1760616818690 -0.0 54
1760624106758 -0.0 55
1760631380276 0.0015741903334856033 56
1760638666799 -0.0 57
1760646020567 0.00360810081474483 58
1760653302551 -0.0 59
1760660591506 0.0025870557874441147 60
1760667862373 2.533203769417014e-06 61
1760675167132 2.8253400159883313e-05 62
1760682465950 0.0011932773049920797 63
1760689755730 2.107068576151505e-05 64
1760697026761 -0.0 65
1760704313345 -0.0 66
