1760228877566 0.4122428297996521 1
1760236325272 0.9167026281356812 2
1760243749304 0.9710113406181335 3
1760251150590 0.9584232568740845 4
1760258545017 0.9861890077590942 5
1760265893238 0.9922313094139099 6
1760273219800 0.9934541583061218 7
1760280590308 0.9968349933624268 8
1760287920554 0.9961156845092773 9
1760295296071 0.9976262450218201 10
1760302652276 0.9981297850608826 11
1760309990748 0.9970507621765137 12
1760317298799 0.9505826234817505 13
1760324632199 0.9892101883888245 14
1760331951318 0.996691107749939 15
1760339252119 0.8979283571243286 16
1760346550043 0.9864767789840698 17
1760353852574 0.948784351348877 18
1760361166933 0.9962595105171204 19
1760368466387 0.9961156845092773 20
1760375774217 0.9971227049827576 21
1760383078325 0.9676305651664734 22
1760390365651 0.980722188949585 23
1760397680674 0.991008460521698 24
1760404980166 0.9929506778717041 25
1760412295941 0.9960437417030334 26
1760419607245 0.994317352771759 27
1760426905668 0.9934541583061218 28
1760434197979 0.9932383894920349 29
1760441487595 0.9947489500045776 30
1760448799396 0.9960437417030334 31
1760456089100 0.996691107749939 32
1760463379965 0.9960437417030334 33
1760470685308 0.996547281742096 34
1760477995392 0.9969069361686707 35
1760485304902 0.9969069361686707 36
1760492592694 0.9984174966812134 37
1760499916489 0.996547281742096 38
1760507231584 0.9968349933624268 39
1760514541588 0.9984894394874573 40
1760521874637 0.9946770071983337 41
1760529209918 0.9972665905952454 42
1760536517920 0.996547281742096 43
1760543848614 0.9982016682624817 44
1760551209065 0.997698187828064 45
1760558513655 0.9971946477890015 46
1760565788710 0.9989210367202759 47
1760573060424 0.997698187828064 48
1760580349634 0.9979858994483948 49
1760587628714 0.9973385334014893 50
1760594919277 0.9981297850608826 51
1760602193975 0.9962595105171204 52
1760609494920 0.9937419295310974 53
1760616818690 0.9982736110687256 54
1760624106758 0.9968349933624268 55
1760631380276 0.9984174966812134 56
1760638666799 0.9969788789749146 57
1760646020567 0.9979139566421509 58
1760653302551 0.9982736110687256 59
1760660591506 0.9984174966812134 60
1760667862373 0.9980578422546387 61
1760675167132 0.9938138127326965 62
1760682465950 0.9982016682624817 63
1760689755730 0.9987771511077881 64
1760697026761 0.998849093914032 65
1760704313345 0.9984174966812134 66
