1760228877566 0.9438405632972717 1
1760236325272 0.9864540696144104 2
1760243749304 0.9935963749885559 3
1760251150590 0.9911478161811829 4
1760258545017 0.9957873225212097 5
1760265893238 0.9980464577674866 6
1760273219800 0.9979767203330994 7
1760280590308 0.9981273412704468 8
1760287920554 0.998054027557373 9
1760295296071 0.998344361782074 10
1760302652276 0.9992798566818237 11
1760309990748 0.9988470077514648 12
1760317298799 0.958859384059906 13
1760324632199 0.9937134385108948 14
1760331951318 0.9971214532852173 15
1760339252119 0.9170584678649902 16
1760346550043 0.9865477085113525 17
1760353852574 0.9471492171287537 18
1760361166933 0.9946854114532471 19
1760368466387 0.9951850771903992 20
1760375774217 0.9964059591293335 21
1760383078325 0.9656162261962891 22
1760390365651 0.9799467921257019 23
1760397680674 0.99086594581604 24
1760404980166 0.9905992150306702 25
1760412295941 0.9956856369972229 26
1760419607245 0.9948182702064514 27
1760426905668 0.9943124651908875 28
1760434197979 0.9959607720375061 29
1760441487595 0.9944628477096558 30
1760448799396 0.9926164746284485 31
1760456089100 0.9950448870658875 32
1760463379965 0.9957572221755981 33
1760470685308 0.9959025382995605 34
1760477995392 0.9959039688110352 35
1760485304902 0.9957608580589294 36
1760492592694 0.998345673084259 37
1760499916489 0.9963322281837463 38
1760507231584 0.9954744577407837 39
1760514541588 0.9973415732383728 40
1760521874637 0.9921790957450867 41
1760529209918 0.995547890663147 42
1760536517920 0.996618926525116 43
1760543848614 0.9979863166809082 44
1760551209065 0.9975546598434448 45
1760558513655 0.9923407435417175 46
1760565788710 0.9979878067970276 47
1760573060424 0.9964080452919006 48
1760580349634 0.9985605478286743 49
1760587628714 0.9961203932762146 50
1760594919277 0.9979144334793091 51
1760602193975 0.9946140050888062 52
1760609494920 0.9906066060066223 53
1760616818690 0.996982753276825 54
1760624106758 0.9959752559661865 55
1760631380276 0.9973413944244385 56
1760638666799 0.9946178793907166 57
1760646020567 0.9972683191299438 58
1760653302551 0.9975560903549194 59
1760660591506 0.9972697496414185 60
1760667862373 0.9972687363624573 61
1760675167132 0.9902523159980774 62
1760682465950 0.9964098334312439 63
1760689755730 0.9987771511077881 64
1760697026761 0.9985617995262146 65
1760704313345 0.9979867935180664 66
